
For Input:
2
6
11 26 3 22 5 8 20 29 27 1 21 9
1
2 30
Your Output is:
1
2 22 4 8 6 7 
2
22 4 8 6 7 8 
3

4
8 6 7 8 9 10 
5

6
7 8 9 10 26 12 
7
8 9 10 26 12 13 
8
9 10 26 12 13 14 
9
10 26 12 13 14 15 
10
26 12 13 14 15 16 
11

12
13 14 15 16 17 18 
13
14 15 16 17 18 19 
14
15 16 17 18 19 29 
15
16 17 18 19 29 9 
16
17 18 19 29 9 22 
17
18 19 29 9 22 23 
18
19 29 9 22 23 24 
19
29 9 22 23 24 25 
20

21

22
23 24 25 26 1 28 
23
24 25 26 1 28 29 
24
25 26 1 28 29 30 
25
26 1 28 29 30 
26
1 28 29 30 
27

28
29 30 
29
30 
30